9781849517164	25.5	49.99	44.99
9781783983308	22.95	44.99	40.49
9781783280971	22.95	44.99	40.49
9781783284818	25.5	49.99	44.99
9781783980246	25.5	49.99	44.99
9781783559589	22.95	44.99	40.49
9781783285617	25.5	49.99	44.99
9781783983285	24.0	49.99	44.99
9781782164524	22.95	44.99	40.49
9781783559046	22.95	44.99	40.49
9781782167761	25.5	49.99	44.99
9781849697347	28.05	54.99	47.51
9781783989621	22.95	44.99	44.99
9781782160663	22.95	44.99	44.99
9781783288472	22.95	44.99	44.99
9781849689687	25.5	49.99	42.88
9781783554171	21.6	44.99	40.49
9781783981984	22.95	44.99	36.62
9781783286898	25.5	49.99	44.99
9781782173373	22.95	44.99	44.99
9781783981908	21.6	44.99	44.99
9781849688260	30.6	59.99	55.8
9781783286331	28.05	54.99	49.49
9781782161820	22.95	44.99	40.49
9781782170327	25.5	49.99	44.99
9781782172086	25.5	49.99	43.46
9781783981083	25.5	49.99	48.18
9781783984480	22.95	44.99	40.49
9781783286270	28.05	54.99	49.49
9781783987306	21.6	44.99	40.49
9781782170907	28.05	54.99	46.31
9781849689021	25.5	49.99	44.76
9781782172994	28.8	59.99	53.99
9781783287734	25.5	49.99	44.99
9781849689724	28.05	54.99	51.15
9781783981885	18.7	35.99	32.39
9781783284375	13.5	44.99	40.49
9781783981540	25.5	49.99	44.99
9781783287338	28.05	54.99	49.49
9781783981601	22.95	44.99	40.49
9781783988266	22.95	44.99	40.42
9781783989669	22.95	44.99	40.49
9781783982707	17.0	31.99	28.79
9781783554553	20.4	39.99	42.24
9781782170709	28.05	54.99	49.49
9781849688963	28.05	54.99	54.99
9781782166924	22.95	44.99	43.36
9781782170709	28.05	54.99	49.49
9781849688963	28.05	54.99	54.99
9781782166924	22.95	44.99	43.36
9781783981588	22.1	41.99	37.79
9781782170365	30.6	59.99	53.99
9781782168454	22.95	44.99	40.49
9781783558827	25.5	49.99	44.99
9781849685986	25.5	49.99	44.99
9781783989829	22.95	44.99	40.49
9781783985968	20.4	39.99	35.99
9781849513463	22.95	44.99	40.49
9781783551958	22.95	43.99	39.59
9781783983223	22.95	44.99	40.49
9781849699518	22.95	44.99	40.49
9781849695589	25.5	49.99	44.99
9781782172437	28.05	54.99	49.49
9781783287925	28.05	53.99	48.59
9781782167853	22.95	44.99	40.49
9781783981328	20.4	39.99	26.97
9781782173816	17.85	33.99	12.64
9781783981168	17.0	31.99	28.79
9781783984909	28.05	53.99	48.59
9781782161486	22.95	44.99	43.36
9781783985081	18.7	35.99	35.99
9781783553334	24.65	47.99	43.19
9781783986521	26.35	50.99	45.89
9781782160649	22.95	44.99	40.49
9781783981441	14.45	27.99	25.19
9781783980529	25.5	49.99	44.99
9781782164265	22.95	44.99	40.49
9781782163121	16.5	54.99	49.49
9781783982141	26.35	50.99	45.89
9781783550814	20.4	39.99	35.99
9781783280612	22.95	44.99	40.49
9781783286614	25.5	49.99	44.99
9781783981380	24.65	47.99	43.19
9781783982189	22.95	43.99	39.59
9781783286478	20.4	39.99	35.99
9781782170563	30.6	59.99	53.99
9781782160083	25.5	49.99	44.99
9781783289790	25.5	49.99	44.99
9781783286379	20.4	39.99	35.99
9781849689120	30.6	59.99	53.99
9781783288311	30.6	59.99	53.99
9781849694728	22.95	44.99	40.49
9781783981748	22.95	43.99	39.59
9781783284535	20.4	39.99	35.99
9781783985982	18.7	35.99	32.39
9781783980826	22.95	43.99	39.59
9781783983483	26.35	50.99	45.89
9781849696623	22.95	44.99	40.49
9781783981502	25.5	49.99	44.99
9781783284870	22.95	44.99	40.49
9781783558964	28.05	54.99	49.49
9781849519489	13.5	44.99	40.49
9781849516969	22.95	44.99	40.49
9781783982509	22.95	43.99	39.59
9781782171461	28.05	53.99	48.59
9781782176862	25.5	49.99	44.99
9781849695466	22.95	44.99	40.49
9781782161509	22.95	44.99	43.36
9781783980000	25.5	49.99	44.99
9781782176848	30.6	59.99	53.99
9781783980567	25.5	49.99	44.99
9781783289356	25.5	49.99	44.99
9781783280438	25.5	49.99	44.99
9781783284771	30.6	59.99	53.99
9781849698061	22.95	44.99	40.49
9781782160144	20.4	39.99	35.99
9781782172208	30.6	59.99	53.99
9781849694148	28.05	54.99	49.49
9781782176466	30.6	59.99	53.99
9781783982745	22.95	43.99	39.59
9781782169888	22.95	44.99	40.49
9781783283132	28.05	54.99	49.49
9781782176428	25.5	49.99	44.99
9781783550937	22.95	43.99	39.59
9781783289653	22.95	44.99	40.49
9781783981922	22.1	41.99	37.79
9781783283439	22.95	44.99	40.49
9781849698320	28.05	54.99	49.49
9781782168294	25.5	49.99	44.99
9781783284139	30.6	59.99	53.99
9781783558414	25.5	49.99	44.99
9781783280919	25.5	49.99	44.99
9781849688888	25.5	49.99	11.69
9781782162223	25.5	49.99	44.99
9781782176442	17.0	29.99	26.99
9781783287215	25.5	49.99	44.99
9781849698924	25.5	49.99	44.99
9781783284351	25.5	49.99	44.99
9781782168157	25.5	49.99	44.99
9781782172451	28.05	54.99	49.49
9781849697224	20.4	39.99	38.54
9781783286997	25.5	49.99	44.99
9781849696104	25.5	49.99	44.99
9781783288236	28.05	54.99	49.49
9781849699792	22.95	44.99	40.49
9781783559442	22.95	44.99	40.49
9781849699778	22.95	44.99	40.49
9781849697668	20.4	39.99	35.99
9781783550975	28.05	54.99	49.49
9781783285952	25.5	49.99	44.99
9781849689762	28.05	54.99	49.49
9781783285556	28.05	54.99	49.49
9781782160724	25.5	49.99	44.99
9781783550258	25.5	49.99	44.99
9781849697965	22.95	44.99	40.49
9781783286294	25.5	49.99	48.18
9781849694322	21.6	44.99	40.49
9781782166580	25.5	49.99	44.99
9781849517065	25.5	49.99	44.99
9781783550654	25.5	49.99	44.56
9781849513265	22.95	44.99	40.49
9781782176725	28.05	54.99	49.49
9781782176886	28.05	54.99	49.49
9781782170068	28.05	54.99	49.49
9781849515849	22.95	44.99	40.49
9781849689229	25.5	49.99	44.99
9781849693424	20.4	39.99	35.99
9781782172185	30.6	59.99	53.99
9781783288649	22.95	44.99	40.49
9781783559688	22.95	44.99	43.36
9781783284399	25.5	49.99	44.99
9781849693226	25.5	49.99	44.99
9781782171966	22.95	44.99	40.49
9781782172109	33.15	64.99	58.49
9781782170921	28.05	54.99	49.49
9781849697569	20.4	39.99	35.99
9781849695923	22.95	44.99	40.49
9781783559886	30.6	59.99	53.99
9781783280896	22.95	44.99	40.49
9781782168850	22.95	44.99	40.49
9781849517645	25.5	49.99	44.99
9781849689908	25.5	49.99	44.99
9781782163329	22.95	44.99	40.49
9781782176961	28.9	55.99	50.39
9781782162162	22.95	44.99	40.49
9781782171508	28.05	54.99	49.49
9781782176800	28.05	54.99	49.49
9781782162148	28.05	54.99	49.49
9781849698467	22.95	44.99	40.49
9781782170167	22.95	44.99	40.49
9781782177364	25.5	49.99	44.99
9781849685221	29.75	57.99	52.19
9781849518666	25.5	49.99	44.99
9781782163367	20.4	39.99	35.99
9781782177005	28.05	54.99	49.49
9781783280995	25.5	49.99	44.99
9781782177463	28.05	54.99	49.49
9781849697989	25.5	49.99	44.99
9781849687027	30.6	59.99	53.99
9781782171409	30.6	59.99	53.99
9781783289639	22.95	44.99	40.49
9781849686587	28.05	54.99	49.49
9781849698085	25.5	49.99	44.99
9781849697101	28.05	54.99	49.49
9781849693585	24.0	49.99	44.99
9781849697422	30.6	59.99	53.99
9781849690263	25.5	49.99	44.99
9781849518024	22.95	44.99	40.49
9781782164609	25.5	49.99	44.99
9781782170303	25.5	49.99	44.99
9781849698825	22.95	44.99	40.49
9781782162209	25.5	49.99	44.99
9781782170662	25.5	49.99	44.99
9781783559329	22.95	44.99	40.49
9781782164623	13.5	44.99	40.49
9781782162520	22.95	44.99	40.49
9781849689809	30.6	59.99	52.01
9781782177623	25.5	49.99	44.99
9781782170884	28.05	54.99	49.49
9781782169642	25.5	49.99	44.99
9781782167020	28.05	54.99	49.49
9781783280575	25.5	49.99	44.99
9781849516501	22.95	44.99	40.49
9781782166627	28.05	54.99	49.49
9781849692342	28.05	54.99	49.49
9781782167167	22.95	44.99	40.49
9781849692014	22.95	44.99	40.49
9781783285457	25.5	49.99	44.99
9781783283491	25.5	49.99	44.99
9781849692328	22.95	44.99	40.49
9781849689748	25.5	49.99	44.99
9781849694841	25.5	49.99	44.99
9781782163282	25.5	49.99	44.99
9781782166504	28.05	54.99	49.49
9781782162308	24.0	49.99	44.99
9781782174233	30.6	59.99	53.99
9781783280674	25.5	49.99	44.99
9781849688062	25.5	49.99	44.99
9781849693189	20.4	39.99	35.99
9781782163602	22.95	44.99	40.49
9781782166320	25.5	49.99	44.99
9781782167785	25.5	49.99	44.99
9781782161400	25.5	49.99	44.99
9781783280698	25.5	49.99	44.99
9781782162346	25.5	49.99	44.99
9781782160748	25.5	49.99	44.99
9781782162407	22.95	44.99	40.49
9781782178002	28.05	54.99	49.49
9781783281473	22.95	44.99	40.49
9781782163800	25.5	49.99	44.99
9781849697644	25.5	49.99	44.99
9781782167525	25.5	49.99	44.99
9781783550371	17.85	34.99	31.49
9781849695909	22.95	44.99	40.49
9781783280759	22.95	44.99	40.49
9781849692984	25.5	49.99	44.99
9781782172062	20.4	39.99	35.99
9781783281015	15.3	29.99	26.16
9781783282111	22.95	44.99	40.49
9781782179672	30.6	59.99	53.99
9781849685085	25.5	49.99	44.99
9781783289370	22.95	44.99	40.49
9781783281138	25.5	49.99	44.99
9781849697941	22.95	44.99	40.49
9781849697446	25.5	49.99	44.99
9781782166788	25.5	49.99	44.99
9781849692465	22.95	44.99	40.49
9781849689984	25.5	49.99	44.99
9781782179757	28.05	54.99	49.49
9781782167266	22.95	44.99	40.49
9781849519267	22.95	44.99	40.49
9781782162681	22.95	44.99	40.49
9781783281435	28.05	54.99	49.49
9781782163008	22.95	44.99	40.49
9781782162100	22.95	44.99	40.49
9781782162827	22.95	44.99	40.49
9781783559183	18.7	36.99	33.29
9781783280193	17.85	34.99	31.49
9781849688925	30.6	59.99	53.99
9781782165040	25.5	49.99	44.99
9781849697484	22.95	44.99	40.49
9781782177661	25.5	49.99	44.99
9781783559701	15.3	29.99	26.99
9781849685467	33.15	64.99	58.49
9781782177685	30.6	59.99	53.99
9781849519366	25.5	49.99	44.99
9781849519366	25.5	49.99	44.99
9781782167587	25.5	49.99	44.99
9781782166283	25.5	49.99	44.99
9781783289592	12.5	41.99	37.79
9781849694087	22.95	44.99	40.49
9781782167891	22.95	44.99	40.49
9781782161448	25.5	49.99	44.99
9781782164388	20.4	39.99	35.99
9781849696586	25.5	49.99	44.99
9781849693127	24.0	49.99	44.99
9781782163145	20.4	39.99	35.99
9781782163169	15.0	49.99	44.99
9781849517706	22.95	44.99	40.49
9781849685108	22.95	44.99	40.49
9781849686365	30.6	59.99	53.99
9781849515887	22.95	44.99	40.49
9781849687645	22.95	44.99	40.49
9781849517522	19.2	39.99	35.99
9781849686143	35.7	69.99	62.99
9781782166047	22.95	44.99	40.49
9781849688901	28.05	54.99	49.49
9781849689106	28.05	54.99	49.02
9781782170808	25.5	49.99	44.99
9781782177845	30.6	59.99	56.99
9781782160984	22.95	44.99	40.49
9781849687720	25.5	49.99	44.99
9781782171201	30.6	59.99	53.99
9781849686969	28.05	54.99	49.49
9781849697682	22.95	44.99	40.49
9781849697200	25.5	49.99	44.99
9781849518048	22.95	44.99	44.99
9781782170624	25.5	49.99	44.99
9781849687942	30.6	59.99	53.99
9781849696807	25.5	49.99	44.99
9781782166061	25.5	49.99	44.99
9781849689083	30.6	59.99	53.99
9781849689205	30.6	59.99	53.99
9781849689502	25.5	49.99	44.99
9781782169772	25.5	49.99	44.99
9781782160922	25.5	49.99	44.99
9781849693608	22.95	44.99	40.49
9781783283798	25.5	49.99	44.99
9781783559282	28.05	54.99	48.41
9781849688505	21.25	54.99	49.49
9781782164425	25.5	49.99	44.99
9781849684989	28.05	54.99	49.49
9781849689601	30.6	59.99	53.99
9781782169185	25.5	49.99	44.99
9781849689786	20.4	39.99	35.99
9781849516723	25.5	49.99	44.99
9781782169765	22.95	44.99	40.49
9781782164128	11.05	22.99	20.69
9781849514880	25.5	49.99	44.99
9781782168331	28.05	54.99	49.49
9781849693561	25.5	49.99	44.99
9781849694520	28.05	54.99	49.49
9781849519229	22.95	44.99	40.49
9781782162667	22.95	44.99	40.49
9781782162728	22.95	44.99	40.49
9781782170686	25.5	49.99	44.99
9781849687102	12.75	24.99	22.49
9781849697088	25.5	49.99	44.99
9781782164401	25.5	49.99	44.99
9781849696685	25.5	49.99	44.99
9781849515603	22.95	44.99	40.49
9781782160304	25.5	49.99	44.99
9781782162247	25.5	49.99	44.99
9781782164548	21.6	44.99	39.44
9781782161783	21.6	36.0	40.49
9781849516082	22.95	44.99	40.49
9781782168379	26.4	54.99	49.49
9781849689540	24.0	49.99	44.99
9781782166009	22.95	44.99	40.49
9781849690225	24.0	49.99	44.99
9781782170006	26.4	54.99	49.49
9781782162261	24.0	49.99	44.99
9781782162742	22.95	44.99	40.49
9781849518468	22.95	44.99	40.49
9781849694223	21.6	44.99	40.49
9781782161929	25.5	49.99	44.99
9781782170525	28.05	54.99	49.49
9781849518420	25.5	49.99	44.99
9781782165163	25.5	49.99	44.99
9781849519441	22.95	44.99	40.49
9781849693400	22.95	44.99	40.49
9781782163589	25.5	49.99	44.99
9781849687362	22.95	44.99	40.49
9781782163305	22.95	44.99	40.49
9781782162322	22.95	44.99	40.49
9781782162186	25.5	49.99	44.99
9781782160946	25.5	49.99	44.99
9781849695220	22.95	44.99	39.8
9781849688840	28.05	54.99	49.49
9781849688864	28.05	54.99	49.49
9781849689403	30.6	59.99	49.49
9781849684026	25.5	49.99	44.99
9781782160021	30.6	59.99	53.99
9781782164647	22.95	44.99	40.49
9781782164005	25.5	49.99	44.99
9781849696029	25.5	49.99	19.99
9781849695947	22.95	44.99	40.49
9781849696548	25.5	49.99	44.99
9781849682305	25.5	49.99	44.63
9781849516983	25.5	49.99	44.99
9781849516464	25.5	49.99	44.99
9781849695046	25.5	49.99	44.99
9781849695343	25.5	49.99	40.49
9781782161226	22.95	44.99	40.49
9781782161301	22.95	44.99	40.49
9781849685849	28.05	54.99	49.49
9781782162704	25.5	49.99	44.99
9781849696845	22.95	44.99	40.49
9781849696821	22.95	44.99	40.49
9781849687904	30.6	59.99	53.99
9781782162087	25.5	49.99	44.99
9781782179733	22.95	44.99	40.49
9781849689922	28.05	54.99	49.49
9781782161349	25.5	49.99	44.99
9781849686303	25.5	49.99	44.99
9781782160328	27.54	44.99	40.49
9781849688987	28.05	54.99	49.49
9781849686006	28.05	54.99	49.49
9781849695084	25.5	49.99	44.99
9781849686846	25.5	49.99	44.99
9781849690423	25.5	49.99	44.99
9781849694209	25.5	49.99	44.99
9781782162766	28.05	54.99	49.49
9781849689526	25.5	49.99	44.99
9781782160441	22.95	44.99	40.49
9781849513562	25.5	49.99	44.99
9781849684521	30.6	59.99	53.99
9781849689380	30.6	59.99	53.99
9781849693622	8.5	29.99	26.17
9781782160205	12.75	24.99	22.49
9781849695961	22.95	44.99	40.49
9781849691024	25.5	49.99	44.99
9781782161523	24.65	49.99	44.99
9781849693806	22.95	44.99	40.49
9781849686983	20.4	39.99	35.99
9781849693066	22.95	44.99	40.49
9781782161264	25.5	49.99	44.99
9781782161004	22.95	44.99	40.49
9781849518703	25.5	49.99	44.99
9781849693349	30.6	59.99	53.99
9781849693349	30.6	59.99	53.99
9781849689489	22.95	44.99	40.49
9781849695442	22.95	44.99	40.49
9781849694742	22.95	44.99	40.49
9781849685764	17.85	34.99	31.49
9781849689427	30.6	59.99	53.99
9781849694308	25.5	49.99	44.99
9781782166726	22.95	44.99	40.49
9781782160106	22.95	44.99	40.49
9781849517584	25.5	49.99	44.99
9781849687966	25.5	49.99	44.99
9781849681742	28.05	54.99	49.49
9781849683562	33.15	64.99	58.49
9781782169086	30.6	59.99	53.99
9781849695060	22.95	44.99	40.49
9781849694544	22.95	44.99	40.49
9781849699358	28.05	54.99	49.49
9781849685061	17.85	34.99	31.49
9781782160069	22.95	44.99	40.49
9781782167341	22.95	44.99	40.49
9781849695008	25.5	49.99	44.99
9781782166085	22.95	44.99	40.49
9781849686426	25.5	49.99	44.99
9781782163107	22.95	44.99	40.49
9781849688482	30.6	59.99	53.99
9781849518802	25.5	49.99	44.99
9781782161066	22.95	44.99	40.49
9781782169314	22.95	44.99	40.49
9781849694100	22.95	44.99	40.49
9781849688024	25.5	49.99	44.99
9781849686501	30.6	59.99	53.99
9781782179993	33.15	64.99	58.49
9781849519021	25.5	49.99	44.99
9781849695022	25.5	49.99	44.99
9781782160700	20.4	39.99	35.99
9781849686709	30.6	59.99	49.96
9781782161240	22.95	44.99	40.49
9781849694360	22.95	44.99	40.49
9781782163060	22.95	44.99	40.49
9781849518901	22.95	44.99	40.49
9781849694568	22.95	44.99	40.49
9781849689069	25.5	49.99	24.99
9781782164340	25.5	49.99	44.99
9781849686327	25.5	49.99	44.99
9781782160120	25.5	49.99	44.99
9781849688826	25.5	49.99	42.04
9781849694186	25.5	49.99	44.99
9781849689465	28.05	54.99	44.99
9781849691505	25.5	49.99	44.99
9781849684545	24.0	49.99	44.99
9781849684248	30.6	59.99	53.99
9781849687126	28.05	54.99	49.49
9781849688345	25.5	49.99	44.99
9781849514224	20.4	39.99	35.99
9781782162643	28.05	54.99	49.49
9781849687041	20.4	39.99	35.99
9781849686921	30.6	59.99	53.99
9781849695602	22.95	44.99	40.49
9781849695428	22.95	44.99	40.49
9781849517447	22.95	44.99	44.99
9781849687409	25.5	49.99	44.99
9781849694605	16.8	34.99	31.49
9781849685962	22.95	44.99	40.49
9781849517300	25.5	49.99	44.99
9781849685689	25.5	49.99	44.99
9781849686068	28.8	59.99	53.99
9781849694445	22.95	44.99	40.49
9781849686020	30.6	59.99	53.99
9781849694780	25.5	49.99	44.99
9781849686488	33.15	64.99	58.49
9781849687300	28.8	59.99	52.71
9781849518444	22.95	44.99	40.49
9781849516686	25.5	49.99	44.99
9781849519427	22.95	44.99	40.49
9781849695565	25.5	49.99	44.99
9781849519403	22.95	44.99	40.49
9781849519120	24.0	49.99	44.99
9781782161325	22.95	44.99	40.49
9781849517287	25.5	49.99	44.99
9781849519144	25.5	49.99	44.99
9781849516846	25.5	49.99	44.99
9781849518246	22.95	44.99	40.49
9781849515566	25.5	49.99	44.99
9781849693547	25.5	49.99	40.49
9781849685047	28.05	54.99	48.61
9781849693288	25.5	49.99	44.99
9781849688222	25.5	49.99	40.42
9781849519281	22.95	44.99	40.49
9781849693264	22.95	44.99	38.03
9781849687423	25.5	49.99	44.99
9781849518987	22.95	44.99	40.49
9781849692380	22.95	44.99	40.49
9781849680264	30.6	59.99	53.99
9781849683883	30.6	59.99	53.99
9781849683883	30.6	59.99	53.99
9781849688284	25.5	49.99	44.99
9781849518260	25.5	49.99	44.99
9781849517508	25.5	49.99	44.99
9781849519083	22.95	44.99	40.49
9781782160960	28.05	54.99	49.49
9781849519007	22.95	36.0	40.49
9781849517386	22.95	44.99	40.49
9781849687669	25.5	49.99	44.99
9781849684163	22.95	44.99	40.49
9781849684569	25.5	49.99	44.99
9781849693004	25.5	49.99	44.99
9781849684781	33.15	64.99	58.49
9781849685009	25.5	49.99	44.99
9781849516440	25.5	49.99	44.99
9781782160427	25.5	49.99	44.99
9781849686907	17.85	34.99	31.49
9781849517829	22.95	44.99	40.49
9781849517485	22.95	44.99	40.49
9781849686280	28.05	54.99	49.49
9781849693363	25.5	49.99	44.99
9781849693240	28.05	54.99	49.49
9781849684422	25.5	49.99	44.99
9781849693165	25.5	49.99	44.99
9781849693080	22.95	44.99	40.49
9781849693707	25.5	49.99	44.99
9781849515740	22.95	44.99	40.49
9781849693448	22.95	44.99	40.49
9781849685801	30.6	59.99	53.99
9781849693202	22.95	44.99	38.6
9781849692144	22.95	44.99	40.49
9781849518727	22.95	44.99	40.49
9781849517225	22.95	44.99	40.28
9781849518628	25.5	49.99	42.94
9781849514729	22.95	44.99	40.49
9781849684002	25.5	49.99	44.99
9781849686945	25.5	49.99	44.99
9781849515665	25.5	49.99	44.99
9781849685269	28.05	54.99	49.49
9781849518406	22.95	44.99	40.49
9781849518109	22.95	44.99	40.49
9781849686464	30.6	59.99	53.99
9781849518925	22.95	44.99	40.49
9781849685603	22.95	44.99	40.49
9781849518284	25.5	49.99	40.49
9781849687881	25.5	49.99	44.99
9781849692427	22.95	44.99	40.49
9781849684828	30.6	59.99	53.99
9781849518581	22.95	44.99	40.49
9781849693745	15.3	29.99	26.99
9781849518307	22.95	44.99	40.49
9781849687348	17.85	34.99	31.49
9781849682565	36.0	74.99	67.49
9781849518482	22.95	44.99	40.49
9781849692960	25.5	49.99	44.99
9781849683906	22.95	44.99	40.49
9781849686228	30.6	59.99	53.99
9781849685887	25.5	49.99	44.99
9781849693141	22.95	44.99	40.49
9781849517324	25.5	49.99	44.99
9781849684941	25.5	49.99	44.99
9781849682947	25.5	49.99	44.99
9781849687089	25.5	49.99	44.99
9781849693103	22.95	44.99	40.49
9781849684040	30.6	59.99	53.99
9781849517027	20.4	39.99	35.99
9781849517041	21.6	44.99	40.49
9781849692007	25.5	49.99	44.99
9781849691567	22.95	44.99	39.81
9781849517942	21.6	44.99	40.49
9781849692052	22.95	44.99	40.49
9781849515184	22.95	44.99	40.49
9781849686525	22.95	44.99	40.49
9781849517867	25.5	49.99	44.99
9781849686082	30.6	59.99	53.99
9781849685368	28.05	54.99	49.49
9781849515726	25.5	49.99	44.4
9781849516860	29.75	49.99	44.99
9781849691901	22.95	44.99	40.49
9781849687164	20.4	39.99	35.99
9781849517843	22.95	44.99	40.49
9781849681704	38.25	74.99	67.49
9781849515801	22.95	44.99	40.49
9781849687324	25.5	49.99	44.99
9781849692441	25.5	49.99	44.99
9781849684682	30.6	59.99	53.99
9781849517140	25.5	49.99	44.99
9781849683425	25.5	49.99	44.99
9781849686662	30.6	59.99	53.99
9781849692922	25.5	49.99	44.99
9781849691703	22.95	44.99	40.49
9781849684187	30.6	59.99	53.99
9781849517683	22.95	44.99	40.49
9781849515023	22.95	44.99	40.49
9781849692489	22.95	44.99	40.49
9781849684187	30.6	59.99	53.99
9781849517683	22.95	44.99	40.49
9781849515023	22.95	44.99	40.49
9781849692489	22.95	44.99	40.49
9781849685740	30.6	59.99	53.99
9781849517768	22.95	44.99	40.49
9781849685924	25.5	49.99	44.99
9781849517188	22.95	44.99	40.49
9781849693028	22.95	44.99	40.49
9781849685825	25.5	49.99	44.99
9781849685665	30.6	59.99	53.99
9781849517966	21.6	44.99	40.49
9781849685481	30.6	59.99	53.99
9781849684668	30.6	59.99	53.99
9781849683609	22.95	44.99	43.36
9781849686167	33.15	64.99	58.49
9781849692304	20.4	39.99	35.99
9781849517089	20.4	39.99	28.13
9781849517423	25.5	49.99	44.99
9781849516907	25.5	49.99	44.99
9781849683166	20.4	39.99	34.06
9781849513586	22.95	44.99	40.49
9781849691987	25.5	49.99	40.49
9781849517409	22.95	44.99	40.49
9781849691727	22.95	44.99	40.49
9781849692908	8.5	29.99	26.99
9781849681124	28.05	54.99	49.49
9781849684927	30.6	59.99	53.99
9781849518123	20.4	39.99	35.99
9781849685863	20.4	39.99	35.99
9781849685160	25.5	49.99	44.77
9781849517461	30.6	59.99	51.98
9781849682626	20.4	39.99	35.99
9781849680684	30.6	59.99	53.99
9781849686105	20.4	39.99	34.55
9781849517201	20.4	39.99	35.99
9781849683401	30.6	59.99	53.99
9781849685245	22.95	44.99	40.49
9781849516945	25.5	49.99	44.99
9781849516808	25.5	49.99	44.99
9781849516600	22.95	44.99	40.49
9781849687225	30.6	59.99	53.99
9781849517744	30.6	59.99	53.99
9781849518321	22.95	44.99	40.49
9781849516488	22.95	44.99	40.3
9781849684842	30.6	59.99	53.99
9781849684644	25.5	49.99	44.99
9781849514569	22.95	44.99	40.49
9781849680622	35.7	69.99	62.99
9781849684224	33.15	64.99	54.88
9781849691888	25.5	49.99	44.99
9781849691765	22.95	44.99	40.49
9781849686204	25.5	49.99	44.99
9781847199805	12.75	24.99	22.49
9781849692038	25.5	49.99	44.99
9781849683500	30.6	59.99	53.99
9781849684347	30.6	59.99	53.99
9781849685443	17.85	34.99	31.49
9781849684323	33.15	64.99	58.49
9781849684484	28.05	54.99	49.49
9781849517904	25.5	49.99	44.99
9781849681964	28.05	54.99	49.49
9781849684460	30.6	59.99	53.99
9781849514347	20.4	39.99	35.99
9781849692243	25.5	49.99	41.95
9781849516624	20.4	39.99	35.99
9781849516884	25.5	49.99	40.49
9781849691482	30.6	59.99	45.63
9781849683128	30.6	59.99	50.73
9781849692205	22.95	44.99	40.49
9781849515627	22.95	44.99	40.49
9781849515467	25.5	49.99	44.99
9781849517102	25.5	49.99	44.99
9781849683968	33.15	64.99	55.05
9781849685641	17.0	39.99	34.83
9781849517249	20.4	39.99	35.99
9781849684804	33.15	64.99	58.49
9781849683326	33.15	64.99	58.49
9781849683548	30.6	59.99	49.49
9781849517805	10.2	19.99	17.99
9781849515405	15.3	29.99	26.99
9781849691321	24.0	49.99	44.99
9781849685627	20.4	39.99	35.99
9781849690409	25.5	49.99	44.99
9781849691802	28.05	54.99	49.49
9781849686808	21.25	49.99	44.99
9781849515825	25.5	49.99	44.99
9781849691208	22.95	44.99	40.49
9781849515108	22.95	44.99	40.49
9781849685382	25.5	49.99	44.38
9781849691864	28.05	54.99	49.49
9781849517782	20.4	39.99	35.99
9781849691383	25.5	49.99	44.99
9781849511308	22.95	44.99	40.49
9781849691963	20.4	39.99	39.99
9781849682343	25.5	49.99	44.99
9781849515986	30.6	59.99	53.99
9781849690782	25.5	49.99	44.99
9781849682961	25.5	49.99	44.99
9781849691529	25.5	49.99	44.99
9781849683944	25.5	49.99	44.99
9781849683487	35.7	69.99	62.99
9781849516587	25.5	49.99	44.99
9781849691642	25.5	49.99	44.99
9781849684767	33.15	64.99	53.99
9781849692267	20.4	39.99	34.43
9781849684446	30.6	59.99	53.99
9781849683265	30.6	59.99	53.99
9781849516648	25.5	49.99	44.99
9781849682602	28.05	54.99	49.49
9781849684408	20.4	39.99	35.99
9781849516761	22.95	44.99	40.49
9781849516662	22.95	44.99	40.49
9781849511964	22.95	44.99	40.49
9781849692403	22.95	44.99	40.49
9781849513708	25.5	49.99	44.99
9781849685726	17.0	49.99	44.99
9781849515443	22.95	44.99	40.49
9781849681506	25.5	49.99	48.18
9781849691444	25.5	49.99	31.5
9781849513968	22.95	44.99	40.49
9781849516785	25.5	49.99	44.99
9781849513401	22.95	44.99	40.49
9781849691925	25.5	49.99	44.99
9781849682107	35.7	69.99	62.99
9781849514002	25.5	49.99	21.45
9781849691468	25.5	49.99	44.99
9781849514606	20.4	39.99	35.99
9781849691826	25.5	49.99	44.99
9781849513081	22.95	44.99	40.49
9781849683142	28.05	54.99	49.49
9781849683647	25.5	49.99	44.99
9781849511322	22.95	44.99	40.49
9781849517003	22.95	44.99	40.49
9781849691345	22.95	44.99	40.49
9781849513623	22.95	44.99	40.49
9781849691369	20.4	39.99	35.99
9781849691680	25.5	49.99	44.99
9781849691147	22.95	44.99	40.49
9781849681322	30.6	59.99	53.99
9781849685344	10.2	19.99	17.99
9781849681803	30.6	59.99	53.99
9781849516747	10.2	19.99	17.99
9781849685702	10.2	19.99	17.99
9781849683043	35.7	69.99	54.11
9781849514828	22.95	44.99	37.54
9781849690928	22.95	44.99	40.49
9781849684101	16.8	39.99	35.99
9781849516068	25.5	49.99	44.99
9781849515306	22.95	44.99	40.49
9781849683180	25.5	49.99	44.99
9781849682060	22.95	44.99	43.36
9781849515283	22.95	44.99	40.49
9781849516044	25.5	49.99	44.99
9781849684606	28.05	54.99	49.49
9781849513982	22.95	44.99	40.49
9781849691222	20.4	39.99	35.99
9781849514989	22.95	44.99	40.32
9781849692120	20.4	39.99	35.99
9781849691789	22.95	44.99	40.49
9781849515382	22.95	44.99	40.49
9781849515221	25.5	49.99	44.99
9781849513289	20.4	39.99	None
9781849682886	18.9	44.99	40.49
9781849683067	30.6	59.99	53.99
9781849690348	22.95	44.99	37.41
9781849683982	30.6	59.99	44.99
9781849682442	30.6	59.99	44.99
9781849514583	25.5	49.99	44.99
9781849683029	28.05	54.99	49.49
9781849691840	22.95	44.99	40.49
9781849691581	20.4	39.99	35.99
9781849515368	22.95	44.99	40.49
9781849681384	30.6	59.99	53.99
9781849682688	30.6	59.99	53.99
9781849682503	20.4	39.99	35.89
9781849684583	21.0	49.99	44.99
9781849516549	20.4	39.99	35.99
9781849516006	22.95	44.99	40.49
9781849682145	35.7	69.99	61.62
9781849682862	30.6	59.99	16.47
9781849515061	22.95	44.99	37.61
9781849692168	20.4	39.99	33.59
9781849682206	28.05	54.99	49.49
9781849515580	25.5	49.99	15.0
9781849514088	22.95	44.99	40.49
9781849691123	25.5	49.99	40.49
9781849514422	30.6	59.99	49.99
9781849690522	20.4	39.99	35.99
9781849512404	22.95	44.99	40.49
9781849691260	22.95	44.99	40.49
9781849691307	25.5	49.99	42.64
9781849512442	20.4	39.99	35.99
9781849515269	22.95	44.99	40.49
9781849690720	25.5	49.99	44.99
9781849691161	25.5	49.99	46.46
9781849515481	22.95	44.99	40.49
9781849516020	22.95	44.99	40.49
9781849516525	22.95	44.99	40.49
9781849683104	35.7	69.99	62.99
9781849514248	20.4	39.99	38.54
9781849515146	12.75	24.99	22.49
9781849681308	25.5	49.99	44.99
9781849515528	22.95	44.99	40.49
9781849682220	25.5	49.99	44.99
9781849515160	21.6	44.99	39.4
9781849512565	22.95	44.99	40.49
9781849510448	20.4	39.99	35.99
9781849514767	25.5	49.99	44.99
9781849511049	20.4	39.99	35.92
9781849511087	30.6	59.99	53.99
9781849512947	22.95	44.99	40.49
9781849682466	30.6	59.99	53.99
9781849515689	22.95	44.99	40.49
9781849682282	30.6	59.99	53.99
9781849512183	22.95	44.99	40.49
9781849681940	22.95	44.99	44.99
9781849511261	21.0	40.0	39.6
9781849680509	28.05	54.99	49.49
9781849681902	30.6	59.99	53.99
9781849515122	22.95	44.99	40.49
9781849691185	20.4	39.99	35.99
9781849514781	22.95	44.99	37.29
9781849511865	22.95	44.99	40.49
9781849515429	28.05	54.99	44.82
9781849691062	25.5	49.99	44.99
9781849515245	22.95	44.99	40.49
9781849515900	20.4	39.99	35.99
9781849681469	28.05	54.99	49.49
9781849513500	22.95	44.99	40.49
9781849691086	22.95	44.99	37.41
9781849513104	22.95	44.99	40.07
9781849513326	22.95	44.99	40.49
9781849512701	25.5	49.99	44.99
9781849513203	22.95	44.99	40.49
9781849691420	25.5	49.99	44.99
9781849681285	28.8	59.99	56.99
9781849514040	19.2	39.99	33.55
9781849512107	25.5	49.99	44.99
9781849681889	28.05	54.99	49.49
9781849682381	28.05	54.99	49.49
9781849512503	22.95	44.99	40.49
9781849512800	28.05	54.99	49.94
9781849682367	28.05	54.99	49.49
9781849512763	20.4	39.99	None
9781849681445	28.05	54.99	48.25
9781849514545	22.95	44.99	40.28
9781849682664	35.7	69.99	62.99
9781849690386	20.4	39.99	35.99
9781849681780	28.05	54.99	49.49
9781849682022	30.6	59.99	53.99
9781849514965	20.4	39.99	35.99
9781849513241	22.95	44.99	40.49
9781849681728	30.6	59.99	53.99
9781849682589	21.0	49.99	41.26
9781849691048	20.4	39.99	35.99
9781849514705	22.95	44.99	40.49
9781849682169	30.6	59.99	53.99
9781849514668	22.95	44.99	40.49
9781849683449	28.05	54.99	49.49
9781849513746	22.95	44.99	40.49
9781849514460	25.5	49.99	44.99
9781849514200	25.5	49.99	44.99
9781849515009	22.95	44.99	37.65
9781849690942	22.95	44.99	37.19
9781849680127	28.05	54.99	49.49
9781849511902	20.4	39.99	35.99
9781849681865	35.7	69.99	62.99
9781849682183	30.6	59.99	56.99
9781849514927	22.95	44.99	40.49
9781849514682	22.95	44.99	38.68
9781849512664	22.95	44.99	40.49
9781847199003	22.95	44.99	40.49
9781849511582	25.5	49.99	44.99
9781849513944	25.5	49.99	44.99
9781849511605	22.95	44.99	40.49
9781849513524	20.4	39.99	35.99
9781849682404	30.6	59.99	53.99
9781849514866	22.95	44.99	40.49
9781849512923	22.95	44.99	40.49
9781849681063	28.05	54.99	44.99
9781849690829	25.5	49.99	44.99
9781849690904	21.6	44.99	38.93
9781849682527	51.0	99.99	89.99
9781849514309	22.95	44.99	40.49
9781847199867	22.95	44.99	40.49
9781849514125	22.95	44.99	40.49
9781849514286	22.95	44.99	40.49
9781849511483	25.5	49.99	45.61
9781849513302	20.4	39.99	35.99
9781849512022	22.95	44.99	39.8
9781849690805	22.95	44.99	40.49
9781849512541	20.4	39.99	35.99
9781849513920	22.95	44.99	40.49
9781849513425	20.4	39.99	33.49
9781849513388	30.6	59.99	51.18
9781849513821	22.95	44.99	35.99
9781849511926	20.4	39.99	35.99
9781849514484	22.95	44.99	40.49
9781849690485	22.95	44.99	37.92
9781849513487	20.4	39.99	35.99
9781849681483	28.05	54.99	43.99
9781849682008	28.05	54.99	49.49
9781849512268	30.6	59.99	53.99
9781849680523	22.95	44.99	40.49
9781849513906	22.95	44.99	35.99
9781849681605	28.05	54.99	49.49
9781849680707	33.15	64.99	58.49
9781849511568	20.4	39.99	35.99
9781849681926	20.4	39.99	34.27
9781849680660	16.8	39.99	35.99
9781849512985	20.4	39.99	37.68
9781849512640	22.95	44.99	40.49
9781849512725	22.95	44.99	40.49
9781849513869	22.95	44.99	40.49
9781849513340	33.15	64.99	50.17
9781849510226	22.95	44.99	40.49
9781847197849	25.5	45.0	41.67
9781849513760	22.95	44.99	40.49
9781849512060	25.5	49.99	41.88
9781849681223	25.5	49.99	44.99
9781849681261	28.05	54.99	46.14
9781849681100	30.6	59.99	53.99
9781849681087	18.9	44.99	37.33
9781849681629	30.6	59.99	53.99
9781849514101	20.4	39.99	35.99
9781849690300	25.5	49.99	40.93
9781849513067	25.5	49.99	44.99
9781849514361	33.15	64.99	52.42
9781849514804	20.4	39.99	35.99
9781849511629	22.95	44.99	38.8
9781849513449	19.2	39.99	35.99
9781849513227	24.0	49.99	44.99
9781849511124	21.6	44.99	40.49
9781849680844	35.7	69.99	57.63
9781849510349	22.95	44.99	40.49
9781849512886	22.95	44.99	40.49
9781849512343	22.95	44.99	40.49
9781849513166	20.4	39.99	35.99
9781849512121	22.95	44.99	42.74
9781849511445	22.95	44.99	40.49
9781849690744	22.95	44.99	40.49
9781849511544	25.5	49.99	44.99
9781849512749	20.4	39.99	37.99
9781849681346	30.6	54.0	56.99
9781849690041	22.95	44.99	40.49
9781849512824	25.5	49.99	44.99
9781849512527	22.95	44.99	40.49
9781849680806	25.5	49.99	44.99
9781849680981	22.95	44.99	38.22
9781849511780	20.4	39.99	37.99
9781849513005	20.4	39.99	35.99
9781849680646	28.8	59.99	53.99
9781849511162	22.95	40.5	40.49
9781849514026	22.95	44.99	42.74
9781849511841	19.2	39.99	35.99
9781849681407	21.6	44.99	40.49
9781849512626	24.0	49.99	47.49
9781849513845	16.2	44.99	40.49
9781849690447	24.0	49.99	44.99
9781849512008	19.2	39.99	35.99
9781849512480	21.6	44.99	40.49
9781849511223	20.4	39.99	35.87
9781849510981	21.6	44.99	40.49
9781849510264	20.4	39.99	35.99
9781847198402	22.95	40.5	40.49
9781849680325	30.6	59.99	56.99
9781849510820	22.95	40.5	40.49
9781847198686	22.95	44.99	38.23
9781849680905	25.5	49.99	47.49
9781847199881	20.4	39.99	33.39
9781849512688	22.95	40.5	40.49
9781849513609	20.4	36.0	37.99
9781849511384	22.95	44.99	40.49
9781849512169	22.95	44.99	38.25
9781849512084	22.95	44.99	42.74
9781849512367	22.95	44.99	39.48
9781849510288	25.5	45.0	44.99
9781849690768	22.95	44.99	40.49
9781849512381	22.95	44.99	40.49
9781849680943	30.6	54.0	53.99
9781849680769	25.5	45.0	44.99
9781849510301	25.5	45.0	44.99
9781849511803	25.5	49.99	41.73
9781849513722	25.5	45.0	44.99
9781849512244	22.95	40.5	30.91
9781847196323	20.4	39.99	35.99
9781849690683	30.6	54.0	53.99
9781849680462	35.7	63.0	59.27
9781849681186	20.4	39.99	35.99
9781849511209	22.95	44.99	40.9
9781849513548	20.4	39.99	35.99
9781847195807	28.05	54.99	27.19
9781849513043	22.95	40.5	40.49
9781849511940	20.4	39.99	35.99
9781849690669	22.95	44.99	40.49
9781849690546	22.95	40.5	40.49
9781849680783	25.5	49.99	44.99
9781847198761	20.4	36.0	35.99
9781849511742	22.95	44.99	40.49
9781849680608	22.95	40.5	40.49
9781847197504	20.4	39.99	37.99
9781849510189	25.5	49.99	44.99
9781849511407	20.4	39.99	35.99
9781849690508	22.95	40.5	40.49
9781849690584	22.95	40.5	40.49
9781849512220	20.4	39.99	35.99
9781847198006	30.6	59.99	50.32
9781847198662	25.5	45.0	43.97
9781849680363	25.5	49.99	44.99
9781849681681	30.6	54.0	53.99
9781847198327	22.95	44.99	40.49
9781849680547	30.6	59.99	53.99
9781847199188	22.95	44.99	40.49
9781849512862	22.95	40.5	42.74
9781847197948	35.7	69.99	66.49
9781849511681	22.95	44.99	38.03
9781849510486	30.6	45.0	44.99
9781847199362	20.4	39.99	37.99
9781849510608	22.95	44.99	40.49
9781849681568	28.05	54.99	49.05
9781849511186	20.4	36.0	36.3
9781849513029	8.5	39.99	37.99
9781849510622	22.95	44.99	39.03
9781849510004	22.95	44.99	42.74
9781847198945	20.4	39.99	36.42
9781847197740	22.95	44.99	42.74
9781849680202	25.5	49.99	44.99
9781849511063	20.4	39.99	35.99
9781849681544	30.6	59.99	53.99
9781849511520	30.6	59.99	56.99
9781849511346	25.5	49.99	47.49
9781849690362	25.5	49.99	44.99
9781849681209	20.4	39.99	37.99
9781849511766	20.4	39.99	37.99
9781849680387	30.6	59.99	56.99
9781847199584	20.4	39.99	37.99
9781849510165	22.95	44.99	42.74
9781849680561	35.7	69.99	66.49
9781847199089	22.95	44.99	37.64
9781849510363	25.5	49.99	44.99
9781847197047	20.4	39.99	37.99
9781849690201	20.4	39.99	35.99
9781847199966	19.2	39.99	37.99
9781849680103	30.6	59.99	56.99
9781849511728	20.4	39.99	35.99
9781849680066	23.1	54.99	49.49
9781849512046	19.2	39.99	37.99
9781849690249	25.5	49.99	47.49
9781849510868	22.95	44.99	42.74
9781847199560	17.85	34.99	32.49
9781849511667	22.95	44.99	37.67
9781849510707	22.95	44.99	40.49
9781847198280	30.6	59.99	56.99
9781849680141	25.5	49.99	44.99
9781849510943	22.95	44.99	39.52
9781847196606	22.95	44.99	42.74
9781849680042	30.6	59.99	56.99
9781849511247	20.4	39.99	37.99
9781849680424	30.6	59.99	44.0
9781849510882	25.5	49.99	44.99
9781847198440	20.4	36.0	37.99
9781847199249	20.4	39.99	37.99
9781849510967	25.5	49.99	47.49
9781849680189	30.6	79.99	75.99
9781849510769	25.5	49.99	42.21
9781849510844	22.95	44.99	40.49
9781849681049	14.7	28.0	33.24
9781849681148	25.5	49.99	15.0
9781849511148	22.95	44.99	39.22
9781849680967	30.6	59.99	53.99
9781847199522	22.95	44.99	42.74
9781849680226	30.6	59.99	56.99
9781847197344	20.4	39.99	35.99
9781847196903	22.95	44.99	42.74
9781847194527	30.6	59.99	53.99
9781849511001	20.4	39.99	37.99
9781849680349	30.6	59.99	22.5
9781847198068	35.7	69.99	62.99
9781849510523	25.5	49.99	44.99
9781849511704	20.4	39.99	35.76
9781847199744	25.5	49.99	47.49
9781849510660	22.95	44.99	37.47
9781847197009	20.4	39.99	35.27
9781847197665	22.95	44.99	37.69
9781849511100	20.4	39.99	35.99
9781847198907	22.95	44.99	40.49
9781847199386	22.95	44.99	42.74
9781847196729	22.95	44.99	37.69
9781849510387	23.4	59.99	56.99
9781847198525	20.4	39.99	34.69
9781849690102	25.5	49.99	44.99
9781847199461	22.95	44.99	42.74
9781849510509	20.4	39.99	35.99
9781847194244	25.5	49.99	41.46
9781849510400	20.4	39.99	35.99
9781849510905	20.4	39.99	34.3
9781849510141	22.95	40.5	42.74
9781847199843	30.6	59.99	56.99
9781847198822	20.4	39.99	33.9
9781847197566	25.5	49.99	47.49
9781847197641	20.4	39.99	37.99
9781847198808	20.4	39.99	37.99
9781847199140	25.5	49.99	44.99
9781847199928	22.95	44.99	40.49
9781849680004	21.0	40.0	47.49
9781847199942	22.95	44.99	40.49
9781847199546	25.5	49.99	47.49
9781847199768	28.05	54.99	52.24
9781847194961	17.85	34.99	33.24
9781847198501	22.95	44.99	40.49
9781847198389	25.5	49.99	47.49
9781849510127	25.5	49.99	44.99
9781847197689	22.95	44.99	40.49
9781849510202	22.95	44.99	40.49
9781847196040	20.4	39.99	37.99
9781847199201	22.95	44.99	42.74
9781847193254	22.95	44.99	40.49
9781847197962	25.5	49.99	44.99
9781847196125	30.6	59.99	26.2
9781847199904	18.9	36.0	40.49
9781847198204	22.95	44.99	18.99
9781847195845	20.4	39.99	37.99
9781849510806	22.95	44.99	44.99
9781847197702	22.95	44.99	40.49
9781847198969	20.4	39.99	35.99
9781847199065	20.4	39.99	37.99
9781847198488	20.4	39.99	34.67
9781847197481	20.4	39.99	35.99
9781849510042	16.8	32.0	35.99
9781849510745	22.95	44.99	42.74
9781849510066	14.85	40.5	38.82
9781847199287	25.5	49.99	47.49
9781847197429	20.4	39.99	35.99
9781847198846	20.4	39.99	37.99
9781847199645	20.4	39.99	37.99
9781847199508	22.95	44.99	38.61
9781847198129	20.4	39.99	37.99
9781847194589	20.4	39.99	35.99
9781847196262	23.1	44.0	49.49
9781847196507	22.95	44.99	39.8
9781847197726	20.4	39.99	37.99
9781847199423	25.5	49.99	12.53
9781847196828	25.5	45.0	47.49
9781847195685	19.8	59.99	56.99
9781847199126	25.5	49.99	44.99
9781847199706	30.6	59.99	53.99
9781847197269	28.05	49.5	52.24
9781849680028	20.4	39.99	37.99
9781847197283	22.95	44.99	40.49
9781847191540	20.4	39.99	33.92
9781847198341	28.05	54.99	49.49
9781847197306	25.5	49.99	45.76
9781847196088	25.5	49.99	40.57
9781847195401	22.95	44.99	40.49
9781847197061	30.6	59.99	56.99
9781849510080	20.4	39.99	35.99
9781847197627	22.95	44.99	40.49
9781847198747	0.0	39.99	34.78
9781847197467	22.95	44.99	40.49
9781849510561	25.5	49.99	44.99
9781847194749	25.5	49.99	40.1
9781847196446	20.4	39.99	37.99
9781847198648	22.95	44.99	40.49
9781847196941	25.5	49.99	44.99
9781847196460	20.4	39.99	31.76
9781847199485	20.4	39.99	35.99
9781847199720	22.95	44.99	40.43
9781847197900	22.95	44.99	40.49
9781847197443	30.6	59.99	53.99
9781847196521	35.7	69.99	66.49
9781847197245	25.5	49.99	44.99
9781847198242	20.4	39.99	35.99
9781847196880	20.4	39.99	37.99
9781847196545	22.95	44.99	40.49
9781847196989	20.4	39.99	37.99
9781847198044	20.4	39.99	36.06
9781904811640	25.5	49.99	44.99
9781847198709	25.5	49.99	47.49
9781847196248	25.5	49.99	47.49
9781847198167	20.4	39.99	34.49
9781847199782	30.6	59.99	53.99
9781847198181	25.5	49.99	47.49
9781849680165	35.7	74.99	71.24
9781847198921	25.5	45.0	44.99
9781847194565	12.0	39.99	36.73
9781847194220	20.4	39.99	35.99
9781847198143	22.95	44.99	42.74
9781847198624	20.4	39.99	34.49
9781847198228	22.95	44.99	40.49
9781847194541	20.4	39.99	37.99
9781847193193	22.95	44.99	42.74
9781847195067	14.7	34.99	31.49
9781847195722	18.9	44.99	42.74
9781847194725	20.4	39.99	35.99
9781847195166	22.95	44.99	37.36
9781847197405	22.95	44.99	40.49
9781847199041	22.95	44.99	39.29
9781847195883	22.95	44.99	40.49
9781847198082	22.95	44.99	42.74
9781847197207	25.5	49.99	44.99
9781847194381	22.95	44.99	40.49
9781847195746	28.05	54.99	49.49
9781847195968	15.75	34.99	33.24
9781847196842	27.0	59.99	56.99
9781847197764	18.0	39.99	35.83
9781847196644	18.0	39.99	35.99
9781847196804	20.25	44.99	42.74
9781847197221	22.5	49.99	44.99
9781847197382	18.0	39.99	33.96
9781847197122	27.0	59.99	50.65
9781847195647	22.5	49.99	49.99
9781847196767	18.0	39.99	20.05
9781847198563	18.0	39.99	37.99
9781847195340	18.0	39.99	35.99
9781847196286	25.5	49.99	41.65
9781847196866	27.0	59.99	56.99
9781847193612	18.0	39.99	35.99
9781847197160	14.85	44.99	37.59
9781847195982	18.0	39.99	35.99
9781847193391	15.75	34.99	31.49
9781847197368	27.0	59.99	56.99
9781847199980	21.0	34.99	32.33
9781847199409	27.0	59.99	49.77
9781847196569	18.0	39.99	35.99
9781847196385	22.5	49.99	47.49
9781847197580	20.25	40.5	41.8
9781847196682	18.0	39.99	35.17
9781847196965	22.5	49.99	47.49
9781847194701	24.75	54.99	44.78
9781847195906	20.25	44.99	38.98
9781847196668	23.1	54.99	43.29
9781847194046	15.75	34.99	31.49
9781847195920	18.0	39.99	37.99
9781847195005	30.6	59.99	56.99
9781847196309	20.4	39.99	35.85
9781847196224	20.4	39.99	34.98
9781847196149	20.4	39.99	37.99
9781847196064	25.5	49.99	44.99
9781847195425	20.4	39.99	35.99
9781847195944	20.4	39.99	30.49
9781847194909	20.4	39.99	34.68
9781847197146	20.4	39.99	36.07
9781847196743	25.5	49.99	40.65
9781847196187	25.5	49.99	47.49
9781847193551	40.8	79.99	75.98
9781847197528	17.85	34.99	31.49
9781847197542	17.85	34.99	31.11
9781847197863	17.85	34.99	31.43
9781847196781	14.4	39.99	35.99
9781847196163	18.0	39.99	34.18
9781847196101	20.4	39.99	33.92
9781847194022	20.4	39.99	35.99
9781847192998	22.95	44.99	40.49
9781847193599	20.4	39.99	37.99
9781847196705	20.4	39.99	35.99
9781847195128	22.95	44.99	37.94
9781847194466	20.4	39.99	35.99
9781847191786	19.5	49.99	47.49
9781847197108	20.4	39.99	19.5
9781847194107	20.4	39.99	37.99
9781847195821	30.6	59.99	56.99
9781847196200	22.4	39.99	37.99
9781847194503	20.4	39.99	37.99
9781847196408	20.25	44.99	42.74
9781847195586	21.0	49.99	41.72
9781847195708	16.8	39.99	37.99
9781847194787	21.0	49.99	44.99
9781847195241	16.8	39.99	37.99
9781847196620	20.25	44.99	40.49
9781847195142	16.8	39.99	37.99
9781847192684	14.7	34.99	31.49
9781847195029	18.9	44.99	17.64
9781847194008	21.0	49.99	44.99
9781847195463	18.0	49.99	44.99
9781847193117	25.2	59.99	56.99
9781847195524	14.4	39.99	37.99
9781847195227	12.0	34.0	33.89
9781847194602	16.8	39.99	34.68
9781847192103	16.8	39.99	37.53
9781847192936	16.8	39.99	35.99
9781847195500	14.4	28.0	35.99
9781847195180	16.8	39.99	37.99
9781847194886	15.6	39.99	35.99
9781847195869	16.8	39.99	34.32
9781847192585	12.0	34.0	35.99
9781847195661	15.6	39.99	35.99
9781847192127	18.9	44.99	40.49
9781847195487	16.8	39.99	35.58
9781847195623	21.0	49.99	47.49
9781847194640	23.4	59.99	47.02
9781847194947	18.9	44.99	40.49
9781847191465	25.2	59.99	53.99
9781847195203	15.6	39.99	35.99
9781847194688	16.8	39.99	37.99
9781847195265	16.8	39.99	35.99
9781847195326	16.8	39.99	37.99
9781847193797	16.8	39.99	37.83
9781847191175	15.0	42.5	44.99
9781847194145	14.4	39.99	14.79
9781847194428	14.7	34.99	31.49
9781847193896	14.4	39.99	35.99
9781847193834	25.2	59.99	45.57
9781847191311	19.6	34.99	31.49
9781847194121	21.0	49.99	44.99
9781847192950	15.6	39.99	34.99
9781847193537	18.9	44.99	42.74
9781847193216	15.6	39.99	37.99
9781847195562	16.2	29.25	25.5
9781847193278	23.4	59.99	56.99
9781847194282	15.6	39.99	35.99
9781847194824	15.6	39.99	35.99
9781847193094	19.2	39.99	35.99
9781847193674	21.06	44.99	40.49
9781847193698	15.6	39.99	35.99
9781847192868	15.6	39.99	35.99
9781847193988	15.6	39.99	35.99
9781847195609	18.0	26.0	35.99
9781847192783	17.85	34.99	31.49
9781847194442	15.6	39.99	35.99
9781847193179	15.6	39.99	35.99
9781847194305	17.55	44.99	40.49
9781847192769	14.4	39.99	33.73
9781847192721	30.6	59.99	53.99
9781847193735	16.2	44.99	40.49
9781847191052	16.2	44.99	40.49
9781847193933	16.2	44.99	37.34
9781847192646	14.4	39.99	35.99
9781847193353	15.6	39.99	35.99
9781847192974	16.2	44.99	42.74
9781847194060	14.4	39.99	34.49
9781847193414	12.6	22.75	30.86
9781847192806	12.6	34.99	31.49
9781847192004	14.4	39.99	35.99
9781847195302	16.2	44.99	42.74
9781847192325	16.2	44.99	37.4
9781847194183	15.75	34.99	33.24
9781847194404	18.0	49.99	44.99
9781847192882	14.4	39.99	24.71
9781847192912	14.4	39.99	35.99
9781847191090	14.4	36.0	35.99
9781847192622	19.5	49.99	44.99
9781847193438	16.2	44.99	40.49
9781847193070	14.4	39.99	35.99
9781847191823	14.4	39.99	35.99
9781847193957	14.4	39.99	35.99
9781847192561	14.4	39.99	35.99
9781847193315	14.4	20.0	35.27
9781847192028	18.0	49.99	47.49
9781847192745	18.0	49.99	44.99
9781847192486	20.4	36.0	35.99
9781847191663	12.96	29.99	26.99
9781847190956	14.4	39.99	35.99
9781904811176	21.6	59.99	53.99
9781847192820	14.85	49.99	44.99
9781847192547	17.85	34.99	31.49
9781847191403	12.6	34.99	30.9
9781847194084	10.8	29.99	26.99
9781847191724	21.6	49.99	44.99
9781847192462	16.5	44.99	40.49
9781847190857	16.5	49.99	44.99
9781847192608	16.5	49.99	44.99
9781847192080	13.2	39.99	35.99
9781904811749	21.6	59.99	56.99
9781847192844	20.4	39.99	37.99
9781847191984	18.0	39.99	37.99
9781847190888	13.2	39.99	35.99
9781847192707	0.0	49.99	44.99
9781847191021	16.5	49.99	44.99
9781847191526	16.5	49.99	42.5
9781847192660	13.2	39.99	35.99
9781847192042	13.2	39.99	35.99
9781847192363	18.0	40.0	47.49
9781847190987	12.0	32.0	37.99
9781847193810	13.2	39.99	35.99
9781847193636	16.5	49.99	47.49
9781847191748	11.55	34.99	33.24
9781847192165	47.6	69.99	69.99
9781847192509	14.0	39.99	37.99
9781847191441	12.15	44.99	37.43
9781847192066	16.5	49.99	44.99
9781847191960	13.5	49.99	44.99
9781847192400	16.2	59.99	45.03
9781847191304	13.2	34.99	29.07
9781847191151	0.0	24.99	22.49
9781847190918	34.0	49.99	44.99
9781847190932	13.2	39.99	35.99
9781847191649	13.2	39.99	37.99
9781847192523	15.4	34.99	32.33
9781904811725	12.0	29.99	28.49
9781847192202	15.4	34.99	32.57
9781904811848	16.8	39.99	35.99
9781904811985	12.0	29.99	26.99
9781847191113	12.0	39.99	37.99
9781904811596	12.0	39.99	35.99
9781904811312	0.0	39.99	35.99
9781904811428	12.0	29.99	26.63
9781904811695	15.0	49.99	43.13
9781847191007	13.5	44.99	40.49
9781904811114	18.0	59.99	56.99
9781904811060	18.0	59.99	45.49
9781904811329	6.0	19.99	18.98
9781904811213	13.5	44.99	42.74
9781904811978	18.0	49.99	41.56
9781847190970	12.0	39.99	35.99
9781904811626	13.5	44.99	40.49
9781904811305	6.0	19.99	17.98
9781847190871	12.0	39.99	35.99
9781904811893	16.8	39.99	35.99
9781904811657	12.0	39.99	35.99
9781904811190	0.0	44.99	40.49
9781904811282	9.0	29.99	26.99
9781904811961	12.0	29.99	28.53
9781904811992	12.0	39.99	37.99
9781904811794	12.0	39.99	35.99
9781904811367	12.0	39.99	37.99
9781904811930	10.5	34.99	31.49
9781847190901	15.0	49.99	41.42
9781904811503	12.0	36.0	37.99
9781904811527	11.5	37.99	34.19
9781904811909	13.5	44.99	42.74
9781904811336	13.5	44.99	40.49
9781904811602	10.5	34.99	33.24
9781904811091	22.5	74.99	56.41
9781904811862	10.5	34.99	31.49
9781904811763	12.0	39.99	33.18
9781904811619	12.0	29.99	28.03
9781904811718	11.5	36.99	31.29
9781904811800	12.0	39.99	37.99
9781904811855	18.0	59.99	53.99
9781904811671	9.0	29.99	26.99
9781904811404	12.0	39.99	35.99
9781904811787	9.0	29.99	28.49
9781904811923	9.0	29.99	28.49
9781904811824	10.5	17.5	28.05
9781904811701	7.5	24.99	23.74
9781904811947	13.5	44.99	42.74
9781904811688	18.0	59.99	53.99
9781904811633	0.0	59.99	46.73
9781904811251	30.6	59.99	56.99
9781904811442	10.5	34.99	29.99
9781904811916	7.5	24.99	23.74
9781904811886	9.0	29.99	28.49
9781904811817	21.0	69.99	62.98
9781904811510	12.0	39.99	33.99
9781904811145	13.5	44.99	35.99
9781904811053	10.5	29.99	26.99
9781904811534	18.0	59.99	48.3
9781904811572	0.0	34.99	31.49
9781904811152	9.0	29.99	24.95
9781904811558	10.5	34.99	31.49
9781904811541	10.5	34.99	31.49
9781904811732	12.0	39.99	33.7
9781904811497	6.9	36.99	31.26
9781904811381	0.0	24.99	22.1
9781904811411	18.0	59.99	47.59
9781904811374	12.0	39.99	32.91
9781904811459	4.0	12.99	11.69
9781904811138	0.0	39.99	35.99
9781904811350	0.0	29.99	26.99
9781904811275	12.0	39.99	35.99
9781904811077	15.0	49.99	41.84
9781904811084	18.0	59.99	50.82
9781904811169	16.2	59.99	45.94
9781904811022	0.0	44.99	44.99
9781904811039	20.4	27.0	None
9781904811121	12.0	39.99	35.99
9781904811046	13.5	44.99	39.59
9781904811015	18.0	59.99	55.31
9781904811008	13.5	44.99	37.42
9781783987283	17.0	32.99	29.69
9781783289714	24.0	49.99	42.49
9781849696364	21.6	44.99	38.24
9781783983643	26.4	44.0	49.49
9781783989324	23.2	47.99	41.47
9781783559503	24.0	49.99	47.49
9781782174219	35.2	57.6	61.19
9781783283453	24.0	40.0	43.2
9781783986569	23.2	47.99	40.79
9781783985883	13.6	26.99	22.94
9781849696722	24.0	49.99	42.49
9781783988129	16.0	32.99	29.09
9781783980383	21.6	36.0	40.49
9781783983407	21.6	43.99	39.59
9781783286652	28.8	59.99	56.99
9781783552030	26.4	54.99	48.5
9781783982103	28.8	59.99	52.91
9781782177944	24.0	40.0	42.49
9781782173878	26.4	54.99	48.5
9781783985180	12.0	24.99	23.74
9781782173472	21.6	44.99	40.49
9781783289615	24.0	49.99	44.99
9781782167327	11.2	22.99	20.69
9781782162360	26.4	54.99	None
9781783281657	19.2	39.99	35.99
9781782173977	18.4	37.99	32.29
9781783285211	24.0	49.99	42.49
9781783283873	26.4	54.99	48.5
9781783287550	26.4	44.0	46.74
9781783281572	11.9	22.99	19.86
9781782162841	28.8	59.99	53.99
9781783284672	21.6	44.99	40.49
9781782171980	26.4	54.99	47.52
9781849688406	19.2	39.99	35.99
9781783285471	24.0	40.0	44.99
9781782163343	21.6	36.0	38.24
9781782168775	24.0	49.99	43.2
9781783289691	21.6	44.99	44.99
9781783287376	19.2	32.0	35.27
9781783280254	24.0	40.0	None
9781783286515	24.0	40.0	43.2
9781783288601	24.0	49.99	44.99
9781783281336	21.6	44.99	38.24
9781783287390	26.4	44.0	46.74
9781849697842	24.0	49.99	44.99
9781783988365	17.6	44.99	32.39
9781783981045	16.0	32.99	28.04
9781783983964	13.6	44.99	24.68
9781782168317	21.6	44.99	40.49
9781783553495	15.3	29.99	20.69
9781783550838	13.6	26.99	24.29
9781783553655	21.6	44.99	34.38
9781783984428	12.0	24.99	22.04
9781783980888	21.6	44.99	35.09
9781783283552	11.2	22.99	20.69
9781783987221	17.6	44.99	31.74
9781782173434	21.6	44.99	42.74
9781783988280	17.6	36.0	40.49
9781783553693	13.6	27.99	24.68
9781783988884	13.6	26.99	24.29
9781783981205	24.0	49.99	53.99
9781783287291	21.6	49.99	38.24
9781783980963	17.6	36.0	30.59
9781783000883	28.0	39.99	37.99
9781783988785	26.4	54.99	49.49
9781783553358	25.5	49.99	42.32
9781782161943	25.5	49.99	42.49
9781783554638	12.75	24.99	20.69
9781784391041	26.4	54.99	49.49
9781784399368	22.95	44.99	44.99
9781783554874	22.95	44.99	29.09
9781783285518	26.4	44.0	46.74
9781783000982	20.0	34.99	30.85
9781849688949	24.0	49.99	44.09
9781782172796	26.4	54.99	47.52
9781783981526	26.4	54.99	47.52
9781782167761	25.5	49.99	44.99
9781783986682	22.95	44.99	14.84
9781783981267	24.0	49.99	44.09
9781849517720	17.6	44.99	31.74
9781783988921	16.0	32.99	28.04
9781782171706	28.8	49.99	53.99
9781783987245	16.8	34.99	30.24
9781783983605	15.3	29.99	25.49
9781849697620	28.8	59.99	53.99
9781783000241	20.0	29.99	26.99
9781782177166	28.8	48.0	51.84
9781783985760	15.3	29.99	27.89
9781783000340	17.0	29.99	26.72
9781783000104	6.8	14.99	13.49
9781782176091	16.0	32.99	29.69
9781783988983	14.45	27.99	25.19
9781783980086	17.85	34.99	31.49
9781784398071	15.3	29.99	26.99
9781783001200	12.75	24.99	23.73
9781783000661	8.5	19.99	17.99
9781783000364	6.8	14.99	6.39
9781783000128	8.5	19.99	19.99
9781783000180	6.8	14.99	14.99
9781783985647	11.9	22.99	20.69
9781783282999	17.85	34.99	31.49
9781783985647	11.9	22.99	20.69
9781783282999	17.85	34.99	31.49
9781783982400	15.3	29.99	26.99
9781782167402	18.7	35.99	32.39
9781783983049	22.95	44.99	40.49
9781783288397	11.9	22.99	20.69
9781783286713	11.9	22.99	20.69
9781783986040	12.75	24.99	22.49
9781783980420	14.45	27.99	25.19
9781783551897	22.95	44.99	40.49
9781783552931	13.6	25.99	23.39
9781783287963	14.45	27.99	25.19
9781783289004	14.45	27.99	25.19
9781782173496	16.0	32.99	29.69
9781783983568	14.45	26.99	24.29
9781783000722	8.5	14.99	13.49
9781783282951	11.9	22.99	20.69
9781782175438	15.3	29.99	26.99
9781849692564	12.75	24.99	22.49
9781783987122	17.0	32.99	29.69
9781783984244	14.45	26.99	24.29
9781783988808	17.85	34.99	31.49
9781849698665	14.45	26.99	24.29
9781783986866	14.45	26.99	24.29
9781782176114	14.45	26.99	24.29
9781783986064	12.75	23.99	21.59
9781783987863	11.9	22.99	20.69
9781783554812	15.3	29.99	26.99
9781783287987	11.9	22.99	20.69
9781783980109	17.0	32.99	29.69
9781782172550	22.95	43.99	39.59
9781783986606	20.4	39.99	35.99
9781783986729	17.0	32.99	29.69
9781783984602	11.9	22.99	20.69
9781783282333	12.75	24.99	22.49
9781783980864	17.0	32.99	29.69
9781782167228	8.5	26.99	24.29
9781783982462	11.9	22.99	20.69
9781783988648	14.45	26.99	24.29
9781783287017	14.45	27.99	25.19
9781783983704	11.9	22.99	20.69
9781782168355	14.45	26.99	24.29
9781783981427	15.3	29.99	26.99
9781783981625	18.7	35.99	32.39
9781783983902	14.45	26.99	24.29
9781783281053	15.3	29.99	26.99
9781849695107	11.9	22.99	20.69
9781782176268	14.45	26.99	24.29
9781783285891	14.45	27.99	25.19
9781783982424	11.9	22.99	20.69
9781783287055	11.9	22.99	20.69
9781783288007	11.9	22.99	20.69
9781783284573	11.9	22.99	20.69
9781783550319	14.45	27.99	25.19
9781782168058	20.4	39.99	35.99
9781782171560	20.4	39.99	35.99
9781783287758	14.45	27.99	25.19
9781783551453	15.3	29.99	28.04
9781783000463	12.75	22.99	20.69
9781783983209	14.45	27.99	25.19
9781783980925	11.9	22.99	20.69
9781783980048	11.9	22.99	20.69
9781782172413	14.45	26.99	24.29
9781783981465	15.3	29.99	26.99
9781782168416	11.9	22.99	20.69
9781782177227	14.45	26.99	24.29
9781782172673	14.45	27.99	25.19
9781783280773	11.9	22.99	20.69
9781783288687	14.45	26.99	24.29
9781782174172	17.0	32.99	17.99
9781783286812	11.9	22.99	20.69
9781783287352	14.45	27.99	25.19
9781783000265	17.0	24.99	23.71
9781783282371	15.3	29.99	26.99
9781783000708	8.5	19.99	22.99
9781783000302	34.0	49.99	49.99
9781783559381	11.9	22.99	20.69
9781783288984	15.3	29.99	26.99
9781783983247	20.4	39.99	35.99
9781783286355	12.75	24.99	22.49
9781783000227	8.5	19.99	17.99
9781783287192	17.85	34.99	31.49
9781783281770	14.45	27.99	25.19
9781782164821	17.85	34.99	31.49
9781782163527	17.0	32.99	29.69
9781783982226	12.75	23.99	21.59
9781783283613	11.2	22.99	20.69
9781783559022	11.9	22.99	20.69
9781782172376	17.85	34.99	31.49
9781783288748	15.3	29.99	26.99
9781782171720	17.85	34.99	31.49
9781782176527	17.85	34.99	31.49
9781783283156	12.75	24.99	22.49
9781782169499	17.85	34.99	31.49
9781783552177	15.3	29.99	26.99
9781849699631	11.9	29.99	26.99
9781783285655	17.85	34.99	31.49
9781783281992	17.85	34.99	31.49
9781782177609	15.3	29.99	26.99
9781783282975	15.3	29.99	26.99
9781783980260	15.3	29.99	26.99
9781849698702	15.3	29.99	26.99
9781782172147	17.85	34.99	31.49
9781783980628	17.85	34.99	31.49
9781782170464	17.85	34.99	31.49
9781783289530	17.85	34.99	31.49
9781783000081	8.5	19.99	17.99
9781783000203	17.0	24.99	22.49
9781783284696	15.3	29.99	26.99
9781782176701	20.4	39.99	35.99
9781783289554	17.85	34.99	31.49
9781783288809	12.75	24.99	22.49
9781783550999	17.85	34.99	31.49
9781783287673	15.3	29.99	26.99
9781783283576	20.4	39.99	35.99
9781783558667	17.85	34.99	31.49
9781849698542	15.3	29.99	26.99
9781782177142	12.75	24.99	22.49
9781782161127	17.85	34.99	31.49
9781783551576	15.3	29.99	26.99
9781783287031	17.85	34.99	31.49
9781782179856	17.85	34.99	31.49
9781782171928	15.3	29.99	26.27
9781782170426	20.4	39.99	35.4
9781849688765	17.85	34.99	31.49
9781783282937	15.3	29.99	26.99
9781783281091	15.3	29.99	26.99
9781783288571	17.85	34.99	31.49
9781783000142	8.5	19.99	17.99
9781783559169	17.85	34.99	31.49
9781783000005	8.5	19.99	17.99
9781783284252	15.3	29.99	26.99
9781783551439	15.3	29.99	26.99
9781849698009	17.85	34.99	31.49
9781782178187	17.85	34.99	31.49
9781849686860	17.85	34.99	31.49
9781782163046	17.85	34.99	31.49
9781783983544	15.3	29.99	26.99
9781783281275	17.85	34.99	31.49
9781783980369	17.85	34.99	31.49
9781782167389	17.85	34.99	31.49
9781782165446	17.85	34.99	31.49
9781849699495	16.15	39.99	35.99
9781783281633	17.85	34.99	29.48
9781783282432	20.4	39.99	35.99
9781783285730	15.3	29.99	26.99
9781783283279	15.3	29.99	26.99
9781849698429	15.3	29.99	26.99
9781783286874	20.4	39.99	35.99
9781782177128	12.75	24.99	22.14
9781783283378	12.75	24.99	22.49
9781783288458	15.3	29.99	26.99
9781782170044	17.85	34.99	31.49
9781782171546	20.4	39.99	35.99
9781782170648	20.4	39.99	35.99
9781849698108	15.3	29.99	26.99
9781782172352	17.85	34.99	31.49
9781783285792	17.85	34.99	31.49
9781783281299	17.85	34.99	31.49
9781782177784	17.85	34.99	31.49
9781782164104	15.3	29.99	26.99
9781782166566	15.3	29.99	27.39
9781783559602	15.3	29.99	26.99
9781782171782	19.2	39.99	35.99
9781783284733	14.4	29.99	26.99
9781782167501	14.4	29.99	26.99
9781782177821	16.8	34.99	31.49
9781783280551	16.8	34.99	31.49
9781782168553	14.45	34.99	31.49
9781782169338	20.4	39.99	35.99
9781849698689	20.4	39.99	35.99
9781782178200	15.3	29.99	26.99
9781783285396	15.3	29.99	26.99
9781783285297	18.7	36.99	33.29
9781783282494	20.4	39.99	35.99
9781782176763	20.4	39.99	35.99
9781783285594	17.85	34.99	31.49
9781782164227	15.3	29.99	26.99
9781783289677	20.4	39.99	35.99
9781782168171	15.3	29.99	26.99
9781783281718	17.85	34.99	31.49
9781782163220	12.75	24.99	22.49
9781849695145	15.3	29.99	26.99
9781782164920	17.85	34.99	31.49
9781783281930	15.3	29.99	26.99
9781849697903	15.3	29.99	26.99
9781782165965	17.85	34.99	31.49
9781782171669	17.85	34.99	31.49
9781783282159	20.4	39.99	35.99
9781782177708	17.85	34.99	31.49
9781783285259	15.3	29.99	26.99
9781783283293	20.4	39.99	35.99
9781782164661	15.3	29.99	26.99
9781783280933	12.0	39.99	35.99
9781783280070	18.7	36.99	33.29
9781783280810	17.85	34.99	31.49
9781782166405	17.85	34.99	31.49
9781782177203	20.4	39.99	35.99
9781783000289	12.75	22.99	20.69
9781782168010	12.75	24.99	22.49
9781783284597	17.85	34.99	31.49
9781783282296	15.3	29.99	26.99
9781782165866	15.3	29.99	26.99
9781782160366	15.3	29.99	26.99
9781783281794	17.0	32.99	29.69
9781783550753	15.3	29.99	26.99
9781849519946	17.85	34.99	31.49
9781783286195	17.85	34.99	31.49
9781783288298	17.85	34.99	31.49
9781783551019	18.7	36.99	32.7
9781782171027	20.4	39.99	35.99
9781783282319	17.85	34.99	31.49
9781782165606	17.85	34.99	31.49
9781849699235	20.4	39.99	25.07
9781849698184	15.3	29.99	26.44
9781782160502	18.7	36.99	33.29
9781782167082	17.85	34.99	31.49
9781783559527	17.85	34.99	31.49
9781849696708	17.85	34.99	31.49
9781783289837	15.3	29.99	26.99
9781783283033	15.3	29.99	26.99
9781849699334	15.3	29.99	26.99
9781783283118	17.85	34.99	31.49
9781782169437	20.4	39.99	35.99
9781783283415	20.4	39.99	35.99
9781783281497	15.3	29.99	27.39
9781782176824	20.4	39.99	35.99
9781783281879	15.3	29.99	26.99
9781849697286	15.3	29.99	26.99
9781782160007	15.3	29.99	26.99
9781783283316	20.4	39.99	35.99
9781782167044	15.3	29.99	26.99
9781849698726	20.4	39.99	35.99
9781849698146	17.85	34.99	31.49
9781849698207	15.3	29.99	26.99
9781849696944	15.3	29.99	26.47
9781849696043	15.3	29.99	26.99
9781849698160	15.3	29.99	26.99
9781783280377	17.85	34.99	31.49
9781783283019	17.85	34.99	31.49
9781782160809	17.0	32.99	29.69
9781849697729	17.85	34.99	31.49
9781782172048	18.7	36.99	33.29
9781782178026	20.4	39.99	35.99
9781782171386	17.85	34.99	31.49
9781783286034	15.3	29.99	26.99
9781783281398	20.4	39.99	35.99
9781782168539	15.3	29.99	26.99
9781782164722	12.75	29.99	26.99
9781782179832	20.4	39.99	35.99
9781782179818	20.4	39.99	35.99
9781782167068	19.55	37.99	34.19
9781782170969	20.4	39.99	35.99
9781782177043	20.4	39.99	36.32
9781783550333	12.75	24.99	22.49
9781782171621	20.4	39.99	35.99
9781783281619	17.0	32.99	29.69
9781783284474	17.85	34.99	31.49
9781782168096	17.85	34.99	31.49
9781782167938	17.85	34.99	31.49
9781849699617	17.85	34.99	31.49
9781849696760	17.0	32.99	29.69
9781783280957	15.3	29.99	26.99
9781783285990	17.85	34.99	31.49
9781782169239	19.55	37.99	34.19
9781849699211	15.3	34.99	31.49
9781783282234	15.3	29.99	26.99
9781783283255	17.85	34.99	31.49
9781782178125	20.4	39.99	35.99
9781849699594	17.85	34.99	31.49
9781783285273	15.3	29.99	26.99
9781782171065	19.55	37.99	34.19
9781782171881	20.4	39.99	35.99
9781782161608	15.3	29.99	26.99
9781783280797	17.0	32.99	29.69
9781783280391	17.85	34.99	31.49
9781783281893	15.3	29.99	26.99
9781783281596	17.85	34.99	31.49
9781783283095	20.4	39.99	35.99
9781782179894	19.55	37.99	34.19
9781783559060	17.85	34.99	31.49
9781782177746	19.55	37.99	34.19
9781782166306	17.0	32.99	29.69
9781782168430	15.3	29.99	25.96
9781782166542	15.3	29.99	26.99
9781849695206	16.8	34.99	26.99
9781782163701	17.85	34.99	31.49
9781849696005	15.3	29.99	26.99
9781782166207	17.0	32.99	29.69
9781783280032	17.0	32.99	29.69
9781783280131	17.0	32.99	29.69
9781783280230	20.4	39.99	35.99
9781783283170	17.0	32.99	29.69
9781849696463	17.85	34.99	31.49
9781782167952	20.4	39.99	35.99
9781783281251	17.0	33.99	30.59
9781849694704	17.85	34.99	31.49
9781783283958	15.3	29.99	26.99
9781782178101	19.55	37.99	34.19
9781849695367	17.85	34.99	32.42
9781782168119	19.55	37.99	34.19
9781782163725	17.0	33.99	30.59
9781782171102	17.0	32.99	29.69
9781849696067	15.3	29.99	26.2
9781783282678	17.0	32.99	29.69
9781849697149	20.4	39.99	35.99
9781782167488	11.9	24.99	22.49
9781782171041	17.0	32.99	29.69
9781783289080	17.85	34.99	31.49
9781782171300	20.4	39.99	35.99
9781783280339	17.0	32.99	29.69
9781783289479	21.42	34.99	31.49
9781849696647	20.4	39.99	35.99
9781782167303	20.4	39.99	35.99
9781849694803	20.4	39.99	35.99
9781849695848	14.45	34.99	31.49
9781783282470	17.0	32.99	29.69
9781849695800	17.85	34.99	29.87
9781782166986	20.4	39.99	30.59
9781782166962	15.3	29.99	26.99
9781849699099	20.4	39.99	35.99
9781849699730	17.0	33.99	30.59
9781782166344	20.4	39.99	35.99
ERROR:	https://www.packtpub.com/web-development/rapid-emberjs-video
ERROR:	https://www.packtpub.com/application-development/advanced-eclipse-plug-development-raw
ERROR:	https://www.packtpub.com/application-development/oracle-adf-11gr2-development-beginners-guide
ERROR:	https://www.packtpub.com/big-data-and-business-intelligence/sap-abap-advanced-cookbook
ERROR:	https://www.packtpub.com/application-development/mac-application-development-example-beginners-guide
ERROR:	https://www.packtpub.com/web-development/aspnet-jquery-cookbook
ERROR:	https://www.packtpub.com/networking-and-servers/openvpn-2-cookbook
ERROR:	https://www.packtpub.com/web-development/silverlight-4-user-interface-cookbook
ERROR:	https://www.packtpub.com/web-development/plone-3-theming
ERROR:	https://www.packtpub.com/web-development/rapid-bootstrap-video
ERROR:	https://www.packtpub.com/web-development/building-responsive-website-bootstrap-video
ERROR:	https://www.packtpub.com/application-development/beginning-phonegap-video
ERROR:	https://www.packtpub.com/web-development/effective-gradle-implementation-video
ERROR:	https://www.packtpub.com/game-development/html5-game-development-video
ERROR:	https://www.packtpub.com/web-development/rapid-phantomjs-video
ERROR:	https://www.packtpub.com/web-development/build-network-application-node-video
ERROR:	https://www.packtpub.com/game-development/building-android-games-opengl-es-video
ERROR:	https://www.packtpub.com/game-development/cryengine-sdk-game-programming-essentials-video
ERROR:	https://www.packtpub.com/hardware-and-creative/fast-track-adobe-captivate-6-video
ERROR:	https://www.packtpub.com/big-data-and-business-intelligence/excel-2013-dashboard-design-video
ERROR:	https://www.packtpub.com/game-development/xna-3d-toolkit-video
ERROR:	https://www.packtpub.com/hardware-and-creative/moodle-training-and-professional-development-video
ERROR:	https://www.packtpub.com/game-development/mastering-unity-4-scripting-video
ERROR:	https://www.packtpub.com/networking-and-servers/advanced-penetration-testing-highly-secured-environments-video
ERROR:	https://www.packtpub.com/virtualization-and-cloud/getting-started-citrix-xenapp-65-video
ERROR:	https://www.packtpub.com/networking-and-servers/kali-linux-backtrack-evolved-assuring-security-penetration-testing-video
ERROR:	https://www.packtpub.com/game-development/getting-started-unity-4-scripting-video
ERROR:	https://www.packtpub.com/application-development/building-your-first-application-go-video
ERROR:	https://www.packtpub.com/web-development/restful-services-aspnet-web-api-video
ERROR:	https://www.packtpub.com/hardware-and-creative/building-architectural-walkthrough-using-unity-video
ERROR:	https://www.packtpub.com/web-development/building-application-coffeescript-video
ERROR:	https://www.packtpub.com/web-development/building-web-applications-clojure-video
ERROR:	https://www.packtpub.com/game-development/building-2d-game-gamemaker-studio-video
ERROR:	https://www.packtpub.com/big-data-and-business-intelligence/building-interactive-graphs-ggplot2-and-shiny-video
ERROR:	https://www.packtpub.com/hardware-and-creative/building-road-using-civil-3d-video
ERROR:	https://www.packtpub.com/application-development/learning-apache-maven-3-video
ERROR:	https://www.packtpub.com/web-development/building-app-ui-primefaces-video
ERROR:	https://www.packtpub.com/hardware-and-creative/designing-moodle-themes-video
ERROR:	https://www.packtpub.com/big-data-and-business-intelligence/building-interactive-dashboards-tableau-video
ERROR:	https://www.packtpub.com/application-development/oracle-apex-techniques-video
ERROR:	https://www.packtpub.com/application-development/microsoft-dynamics-gp-techniques-video
ERROR:	https://www.packtpub.com/hardware-and-creative/moodle-23-multimedia-video
ERROR:	https://www.packtpub.com/web-development/drupal-7-module-development-video
ERROR:	https://www.packtpub.com/big-data-and-business-intelligence/ibm-cognos-10-report-studio-fundamentals-video
ERROR:	https://www.packtpub.com/application-development/opencv-computer-vision-application-programming-video
ERROR:	https://www.packtpub.com/big-data-and-business-intelligence/getting-started-apache-solr-search-server-video
ERROR:	https://www.packtpub.com/application-development/implementing-microsoft-forefront-unified-access-gateway-2010-video
ERROR:	https://www.packtpub.com/application-development/jira-6-essentials-video
ERROR:	https://www.packtpub.com/big-data-and-business-intelligence/r-graph-essentials-video
ERROR:	https://www.packtpub.com/game-development/xna-3d-game-development-example-video
ERROR:	https://www.packtpub.com/application-development/jboss-eap-configuration-deployment-and-administration-video
ERROR:	https://www.packtpub.com/networking-and-servers/expert-metasploit-penetration-testing-video
ERROR:	https://www.packtpub.com/web-development/building-website-drupal-video
ERROR:	https://www.packtpub.com/web-development/responsive-web-design--concept-complete-site-video
ERROR:	https://www.packtpub.com/web-development/jquery-ui-development-video
ERROR:	https://www.packtpub.com/application-development/spring-security-video
ERROR:	https://www.packtpub.com/web-development/getting-started-magento-video
ERROR:	https://www.packtpub.com/game-development/unreal-development-kit-game-programming-unrealscript-video
ERROR:	https://www.packtpub.com/hardware-and-creative/building-reprap-3d-printer-video
ERROR:	https://www.packtpub.com/virtualization-and-cloud/building-and-managing-virtual-environment-hyper-v-server-2012-r2-video
ERROR:	https://www.packtpub.com/web-development/beginning-yii-video
ERROR:	https://www.packtpub.com/game-development/cryengine-3-sdk-level-design-video
ERROR:	https://www.packtpub.com/big-data-and-business-intelligence/cassandra-administration-video
ERROR:	https://www.packtpub.com/application-development/getting-started-apache-maven-video
ERROR:	https://www.packtpub.com/big-data-and-business-intelligence/building-hadoop-clusters-video
ERROR:	https://www.packtpub.com/big-data-and-business-intelligence/oracle-data-integrator-essentials-video
ERROR:	https://www.packtpub.com/web-development/learning-angularjs-video
ERROR:	https://www.packtpub.com/networking-and-servers/zabbix-network-monitoring-essentials-video
ERROR:	https://www.packtpub.com/hardware-and-creative/building-e-learning-course-camtasia-studio-8-video
ERROR:	https://www.packtpub.com/application-development/salesforce-crm-definitive-admin-video
ERROR:	https://www.packtpub.com/game-development/unity-3d-game-development-example-video
ERROR:	https://www.packtpub.com/web-development/mastering-magento-video
ERROR:	https://www.packtpub.com/game-development/building-games-scratch-20-video
ERROR:	https://www.packtpub.com/networking-and-servers/backtrack-5-wireless-penetration-testing-video
ERROR:	https://www.packtpub.com/hardware-and-creative/moodle-course-development-video
ERROR:	https://www.packtpub.com/application-development/java-ee-development-netbeans-7-video
ERROR:	https://www.packtpub.com/big-data-and-business-intelligence/pentaho-reporting-video
ERROR:	https://www.packtpub.com/big-data-and-business-intelligence/microsoft-sql-server-analysis-services-demystified-video
ERROR:	https://www.packtpub.com/big-data-and-business-intelligence/creating-reports-sql-server-2012-reporting-services-video
ERROR:	https://www.packtpub.com/big-data-and-business-intelligence/building-data-mart-pentaho-data-integration-video
ERROR:	https://www.packtpub.com/web-development/learning-joomla-3-extension-development-video
ERROR:	https://www.packtpub.com/networking-and-servers/oracle-coherence-quickstart-video
ERROR:	https://www.packtpub.com/web-development/html5-animation-and-transition-video
ERROR:	https://www.packtpub.com/hardware-and-creative/moodle-mobile-learning-video
ERROR:	https://www.packtpub.com/web-development/play-framework-web-application-development-video
ERROR:	https://www.packtpub.com/application-development/enterprise-identity-management-microsoft-forefront-identity-management-video
ERROR:	https://www.packtpub.com/web-development/building-single-page-web-application-knockoutjs-video
ERROR:	https://www.packtpub.com/game-development/udk-game-development-video
ERROR:	https://www.packtpub.com/web-development/building-rich-internet-application-vaadin-video
ERROR:	https://www.packtpub.com/big-data-and-business-intelligence/machine-learning-spark-raw
ERROR:	https://www.packtpub.com/application-development/getting-started-tmux
ERROR:	https://www.packtpub.com/business/it-professionals-guide-researching-new-industry-instant
ERROR:	https://www.packtpub.com/application-development/getting-started-biztalk-services
ERROR:	https://www.packtpub.com/business/social-networking-recruitment
ERROR:	https://www.packtpub.com/virtualization-and-cloud/instant-getting-started-vmware-fusion-instant
ERROR:	https://www.packtpub.com/web-development/instant-testing-casperjs-instant
ERROR:	https://www.packtpub.com/hardware-and-creative/instant-hubspot-dashboard-customization-instant
ERROR:	https://www.packtpub.com/application-development/instant-phonegap-instant
ERROR:	https://www.packtpub.com/big-data-and-business-intelligence/instant-redis-persistence-instant
ERROR:	https://www.packtpub.com/hardware-and-creative/instant-rubymine-assimilation-instant
ERROR:	https://www.packtpub.com/application-development/developing-applications-salesforce-chatter
ERROR:	https://www.packtpub.com/application-development/instant-jrebel-instant
ERROR:	https://www.packtpub.com/application-development/instant-optimizing-embedded-systems-using-busybox-instant
ERROR:	https://www.packtpub.com/application-development/instant-java-password-and-authentication-security-instant
ERROR:	https://www.packtpub.com/web-development/instant-website-touch-integration-instant
ERROR:	https://www.packtpub.com/application-development/instant-windows-powershell-guide-instant
ERROR:	https://www.packtpub.com/networking-and-servers/instant-kali-linux-instant
ERROR:	https://www.packtpub.com/web-development/instant-premium-drupal-themes-instant
ERROR:	https://www.packtpub.com/hardware-and-creative/instant-social-media-marketing-hootsuite-instant
ERROR:	https://www.packtpub.com/application-development/instant-jquery-flot-visual-data-analysis-instant
ERROR:	https://www.packtpub.com/web-development/instant-fancybox-instant
ERROR:	https://www.packtpub.com/application-development/instant-windows-powershell-instant
ERROR:	https://www.packtpub.com/application-development/instant-mock-testing-powermock-instant
ERROR:	https://www.packtpub.com/application-development/instant-sencha-touch-instant
ERROR:	https://www.packtpub.com/application-development/instant-plc-programming-rslogix-5000-instant
ERROR:	https://www.packtpub.com/hardware-and-creative/instant-raspberry-pi-gaming-instant
ERROR:	https://www.packtpub.com/web-development/instant-typeaheadjs-instant
ERROR:	https://www.packtpub.com/hardware-and-creative/instant-edublogs-instant
ERROR:	https://www.packtpub.com/hardware-and-creative/instant-lego-mindstorms-ev3-instant
ERROR:	https://www.packtpub.com/hardware-and-creative/instant-autodesk-autocad-2014-customization-net-instant
ERROR:	https://www.packtpub.com/hardware-and-creative/instant-haml-instant
ERROR:	https://www.packtpub.com/application-development/instant-introjs-instant
ERROR:	https://www.packtpub.com/web-development/instant-960-grid-system-instant
ERROR:	https://www.packtpub.com/hardware-and-creative/instant-slic3r-instant
ERROR:	https://www.packtpub.com/virtualization-and-cloud/instant-vmware-player-virtualization-instant
ERROR:	https://www.packtpub.com/application-development/instant-xenmobile-mdm-instant
ERROR:	https://www.packtpub.com/web-development/instant-handlebarsjs-instant
ERROR:	https://www.packtpub.com/hardware-and-creative/instant-apache-camel-messaging-system-instant
ERROR:	https://www.packtpub.com/virtualization-and-cloud/instant-google-compute-engine-instant
ERROR:	https://www.packtpub.com/networking-and-servers/instant-simple-botting-php-instant
ERROR:	https://www.packtpub.com/hardware-and-creative/instant-pagespeed-optimization-instant
ERROR:	https://www.packtpub.com/hardware-and-creative/instant-brainshark-instant
ERROR:	https://www.packtpub.com/web-development/instant-node-package-manager-instant
ERROR:	https://www.packtpub.com/networking-and-servers/instant-cassandra-query-language-instant
ERROR:	https://www.packtpub.com/networking-and-servers/instant-debian--build-web-server-instant
ERROR:	https://www.packtpub.com/web-development/instant-responsive-web-design-instant
ERROR:	https://www.packtpub.com/hardware-and-creative/instant-buildroot-instant
ERROR:	https://www.packtpub.com/hardware-and-creative/instant-zeptojs-instant
ERROR:	https://www.packtpub.com/web-development/instant-zurb-foundation-4-instant
ERROR:	https://www.packtpub.com/web-development/instant-nancy-web-development-instant
ERROR:	https://www.packtpub.com/networking-and-servers/instant-ubuntu-instant
ERROR:	https://www.packtpub.com/hardware-and-creative/instant-utorrent-instant
ERROR:	https://www.packtpub.com/application-development/instant-spring-tool-suite-instant
ERROR:	https://www.packtpub.com/game-development/instant-html5-2d-platformer-instant
ERROR:	https://www.packtpub.com/web-development/instant-effective-caching-ehcache-instant
ERROR:	https://www.packtpub.com/hardware-and-creative/instant-bluestacks-instant
ERROR:	https://www.packtpub.com/application-development/instant-opencv-ios-instant
ERROR:	https://www.packtpub.com/hardware-and-creative/instant-apache-camel-message-routing-instant
ERROR:	https://www.packtpub.com/web-development/instant-vertx-instant
ERROR:	https://www.packtpub.com/web-development/instant-audio-processing-web-audio-instant
ERROR:	https://www.packtpub.com/application-development/instant-gson-instant
ERROR:	https://www.packtpub.com/application-development/instant-mockito-instant
ERROR:	https://www.packtpub.com/web-development/instant-nokogiri-instant
ERROR:	https://www.packtpub.com/big-data-and-business-intelligence/getting-started-orientdb
ERROR:	https://www.packtpub.com/big-data-and-business-intelligence/instant-apache-sqoop-instant
ERROR:	https://www.packtpub.com/networking-and-servers/instant-edgesight-xenapp-instant
ERROR:	https://www.packtpub.com/hardware-and-creative/adobe-captivate-7-mobile-learning
ERROR:	https://www.packtpub.com/big-data-and-business-intelligence/instant-microsoft-sql-server-analysis-services-2012-dimensions-an
ERROR:	https://www.packtpub.com/web-development/instant-html5-fonts-and-typography-instant
ERROR:	https://www.packtpub.com/hardware-and-creative/instant-musescore-instant
ERROR:	https://www.packtpub.com/big-data-and-business-intelligence/instant-mdx-queries-sql-server-2012-instant
ERROR:	https://www.packtpub.com/hardware-and-creative/getting-started-draftsight
ERROR:	https://www.packtpub.com/application-development/instant-testing-qunit-instant
ERROR:	https://www.packtpub.com/application-development/jasmine-javascript-testing
ERROR:	https://www.packtpub.com/web-development/instant-apache-wicket-6-instant
ERROR:	https://www.packtpub.com/application-development/open-source-identity-management-patterns-and-practices-using-openam-10x
ERROR:	https://www.packtpub.com/big-data-and-business-intelligence/microsoft-sql-server-2012-hadoop
ERROR:	https://www.packtpub.com/application-development/creating-development-environments-vagrant
ERROR:	https://www.packtpub.com/big-data-and-business-intelligence/scaling-big-data-hadoop-and-solr
ERROR:	https://www.packtpub.com/web-development/mongoose-application-development
ERROR:	https://www.packtpub.com/web-development/instant-web-scraping-java-instant
ERROR:	https://www.packtpub.com/web-development/instant-markdown-instant
ERROR:	https://www.packtpub.com/web-development/instant-flask-web-development-instant
ERROR:	https://www.packtpub.com/web-development/instant-jquery-selectors-instant
ERROR:	https://www.packtpub.com/hardware-and-creative/netduino-home-automation-projects
ERROR:	https://www.packtpub.com/virtualization-and-cloud/vmware-workstation-no-experience-necessary
ERROR:	https://www.packtpub.com/networking-and-servers/getting-started-spiceworks
ERROR:	https://www.packtpub.com/web-development/instant-jquery-boilerplate-plugins-instant
ERROR:	https://www.packtpub.com/virtualization-and-cloud/citrix-xenapp-performance-essentials
ERROR:	https://www.packtpub.com/application-development/getting-started-google-guava
ERROR:	https://www.packtpub.com/application-development/instant-apache-stanbol-instant
ERROR:	https://www.packtpub.com/application-development/performance-testing-jmeter-29
ERROR:	https://www.packtpub.com/application-development/building-interactive-queries-linqpad
ERROR:	https://www.packtpub.com/application-development/android-development-tools-eclipse
ERROR:	https://www.packtpub.com/networking-and-servers/microsoft-biztalk-esb-toolkit-21
ERROR:	https://www.packtpub.com/virtualization-and-cloud/vmware-view-security-essentials
ERROR:	https://www.packtpub.com/web-development/instant-kendo-ui-grid-instant
ERROR:	https://www.packtpub.com/application-development/instant-glew-instant
ERROR:	https://www.packtpub.com/big-data-and-business-intelligence/instant-highcharts-instant
ERROR:	https://www.packtpub.com/networking-and-servers/instant-sql-server-analysis-services-2012-cube-security-instant
ERROR:	https://www.packtpub.com/application-development/instant-sikuli-test-automation-instant
ERROR:	https://www.packtpub.com/web-development/instant-appfog-instant
ERROR:	https://www.packtpub.com/hardware-and-creative/instant-xbmc-instant
ERROR:	https://www.packtpub.com/application-development/instant-parallel-processing-gearman-instant
ERROR:	https://www.packtpub.com/networking-and-servers/instant-ossec-host-based-intrusion-detection-system-instant
ERROR:	https://www.packtpub.com/big-data-and-business-intelligence/instant-mongodb-instant
ERROR:	https://www.packtpub.com/big-data-and-business-intelligence/instant-lucenenet-instant
ERROR:	https://www.packtpub.com/application-development/instant-autoit-scripting-instant
ERROR:	https://www.packtpub.com/application-development/instant-geany-ide-instant